(kicad_pcb (version 20171130) (host pcbnew "(5.1.6)-1")

  (general
    (thickness 1.6)
    (drawings 37)
    (tracks 197)
    (zones 0)
    (modules 33)
    (nets 43)
  )

  (page A4)
  (layers
    (0 F.Cu signal)
    (31 B.Cu signal)
    (32 B.Adhes user)
    (33 F.Adhes user)
    (34 B.Paste user)
    (35 F.Paste user)
    (36 B.SilkS user)
    (37 F.SilkS user)
    (38 B.Mask user)
    (39 F.Mask user)
    (40 Dwgs.User user)
    (41 Cmts.User user)
    (42 Eco1.User user)
    (43 Eco2.User user)
    (44 Edge.Cuts user)
    (45 Margin user)
    (46 B.CrtYd user)
    (47 F.CrtYd user)
    (48 B.Fab user)
    (49 F.Fab user)
  )

  (setup
    (last_trace_width 0.25)
    (user_trace_width 0.7)
    (user_trace_width 1)
    (trace_clearance 0.2)
    (zone_clearance 0.508)
    (zone_45_only no)
    (trace_min 0.2)
    (via_size 0.8)
    (via_drill 0.4)
    (via_min_size 0.4)
    (via_min_drill 0.3)
    (user_via 2 1)
    (uvia_size 0.3)
    (uvia_drill 0.1)
    (uvias_allowed no)
    (uvia_min_size 0.2)
    (uvia_min_drill 0.1)
    (edge_width 0.05)
    (segment_width 0.2)
    (pcb_text_width 0.3)
    (pcb_text_size 1.5 1.5)
    (mod_edge_width 0.12)
    (mod_text_size 1 1)
    (mod_text_width 0.15)
    (pad_size 2 2.6)
    (pad_drill 1)
    (pad_to_mask_clearance 0)
    (aux_axis_origin 74.5 66.5)
    (grid_origin 74.5 66.5)
    (visible_elements 7FFFFFFF)
    (pcbplotparams
      (layerselection 0x01000_fffffffe)
      (usegerberextensions false)
      (usegerberattributes true)
      (usegerberadvancedattributes true)
      (creategerberjobfile true)
      (excludeedgelayer false)
      (linewidth 0.100000)
      (plotframeref false)
      (viasonmask false)
      (mode 1)
      (useauxorigin true)
      (hpglpennumber 1)
      (hpglpenspeed 20)
      (hpglpendiameter 15.000000)
      (psnegative true)
      (psa4output false)
      (plotreference true)
      (plotvalue true)
      (plotinvisibletext false)
      (padsonsilk false)
      (subtractmaskfromsilk false)
      (outputformat 2)
      (mirror false)
      (drillshape 0)
      (scaleselection 1)
      (outputdirectory "./"))
  )

  (net 0 "")
  (net 1 "Net-(A1-Pad1)")
  (net 2 "Net-(A1-Pad17)")
  (net 3 "Net-(A1-Pad2)")
  (net 4 "Net-(A1-Pad18)")
  (net 5 "Net-(A1-Pad3)")
  (net 6 GND)
  (net 7 AUDIO01)
  (net 8 RELÊ01)
  (net 9 AUDIO02)
  (net 10 RELÊ02)
  (net 11 "Net-(A1-Pad23)")
  (net 12 "Net-(A1-Pad24)")
  (net 13 ROT_A)
  (net 14 SWITCH)
  (net 15 ROT_B)
  (net 16 VCC)
  (net 17 POWER)
  (net 18 "Net-(A1-Pad28)")
  (net 19 "Net-(A1-Pad13)")
  (net 20 "Net-(A1-Pad14)")
  (net 21 "Net-(A1-Pad15)")
  (net 22 "Net-(A1-Pad16)")
  (net 23 "Net-(C1-Pad1)")
  (net 24 "Net-(C2-Pad1)")
  (net 25 "Net-(D1-Pad2)")
  (net 26 "Net-(D2-Pad2)")
  (net 27 "Net-(D3-Pad2)")
  (net 28 "Net-(D4-Pad2)")
  (net 29 "Net-(D5-Pad2)")
  (net 30 "Net-(J4-Pad1)")
  (net 31 "Net-(J4-Pad2)")
  (net 32 "Net-(J4-Pad3)")
  (net 33 "Net-(J5-Pad1)")
  (net 34 "Net-(J5-Pad2)")
  (net 35 "Net-(J5-Pad3)")
  (net 36 RELÊ02_LED)
  (net 37 SEL_VOX02_LED)
  (net 38 RELÊ01_LED)
  (net 39 SEL_VOX01_LED)
  (net 40 "Net-(A1-Pad7)")
  (net 41 "Net-(A1-Pad8)")
  (net 42 "Net-(A1-Pad30)")

  (net_class Default "This is the default net class."
    (clearance 0.2)
    (trace_width 0.25)
    (via_dia 0.8)
    (via_drill 0.4)
    (uvia_dia 0.3)
    (uvia_drill 0.1)
    (add_net AUDIO01)
    (add_net AUDIO02)
    (add_net GND)
    (add_net "Net-(A1-Pad1)")
    (add_net "Net-(A1-Pad13)")
    (add_net "Net-(A1-Pad14)")
    (add_net "Net-(A1-Pad15)")
    (add_net "Net-(A1-Pad16)")
    (add_net "Net-(A1-Pad17)")
    (add_net "Net-(A1-Pad18)")
    (add_net "Net-(A1-Pad2)")
    (add_net "Net-(A1-Pad23)")
    (add_net "Net-(A1-Pad24)")
    (add_net "Net-(A1-Pad28)")
    (add_net "Net-(A1-Pad3)")
    (add_net "Net-(A1-Pad30)")
    (add_net "Net-(A1-Pad7)")
    (add_net "Net-(A1-Pad8)")
    (add_net "Net-(C1-Pad1)")
    (add_net "Net-(C2-Pad1)")
    (add_net "Net-(D1-Pad2)")
    (add_net "Net-(D2-Pad2)")
    (add_net "Net-(D3-Pad2)")
    (add_net "Net-(D4-Pad2)")
    (add_net "Net-(D5-Pad2)")
    (add_net "Net-(J4-Pad1)")
    (add_net "Net-(J4-Pad2)")
    (add_net "Net-(J4-Pad3)")
    (add_net "Net-(J5-Pad1)")
    (add_net "Net-(J5-Pad2)")
    (add_net "Net-(J5-Pad3)")
    (add_net POWER)
    (add_net RELÊ01)
    (add_net RELÊ01_LED)
    (add_net RELÊ02)
    (add_net RELÊ02_LED)
    (add_net ROT_A)
    (add_net ROT_B)
    (add_net SEL_VOX01_LED)
    (add_net SEL_VOX02_LED)
    (add_net SWITCH)
    (add_net VCC)
  )

  (module DiagramaVOX:Transformer_Audio (layer F.Cu) (tedit 611BE247) (tstamp 61194CA6)
    (at 123 126 180)
    (path /60CBA7F5)
    (fp_text reference T1 (at 12 -5) (layer F.SilkS)
      (effects (font (size 1 1) (thickness 0.15)))
    )
    (fp_text value Transformer_1P_SS (at 16 5) (layer F.Fab)
      (effects (font (size 1 1) (thickness 0.15)))
    )
    (fp_line (start 0 -3.3) (end 12.8 -3.3) (layer F.SilkS) (width 0.3))
    (fp_line (start 12.8 -3.3) (end 12.8 3.3) (layer F.SilkS) (width 0.3))
    (fp_line (start 12.8 3.3) (end -12.8 3.3) (layer F.SilkS) (width 0.3))
    (fp_line (start -12.8 3.3) (end -12.8 -3.3) (layer F.SilkS) (width 0.3))
    (fp_line (start -12.8 -3.3) (end 0 -3.3) (layer F.SilkS) (width 0.3))
    (fp_line (start -8.6 -9.6) (end 8.6 -9.6) (layer F.SilkS) (width 0.3))
    (fp_line (start 8.6 -9.6) (end 8.6 9.6) (layer F.SilkS) (width 0.3))
    (fp_line (start 8.6 9.6) (end -8.6 9.6) (layer F.SilkS) (width 0.3))
    (fp_line (start -8.6 -9.6) (end -8.6 9.6) (layer F.SilkS) (width 0.3))
    (pad 2 thru_hole circle (at 4.9 8.2 180) (size 2.6 2.6) (drill 1.2) (layers *.Cu *.Mask)
      (net 6 GND))
    (pad 1 thru_hole circle (at -4.9 8.2 180) (size 2.6 2.6) (drill 1.2) (layers *.Cu *.Mask)
      (net 23 "Net-(C1-Pad1)"))
    (pad 3 thru_hole circle (at 4.9 -8.2 180) (size 2.6 2.6) (drill 1.2) (layers *.Cu *.Mask)
      (net 30 "Net-(J4-Pad1)"))
    (pad 5 thru_hole circle (at -4.9 -8.2 180) (size 2.6 2.6) (drill 1.2) (layers *.Cu *.Mask)
      (net 32 "Net-(J4-Pad3)"))
    (pad 4 thru_hole circle (at 0 -8.2 180) (size 2.6 2.6) (drill 1.2) (layers *.Cu *.Mask)
      (net 31 "Net-(J4-Pad2)"))
    (model ${KIPRJMOD}/trafo.step
      (at (xyz 0 0 0))
      (scale (xyz 1 1 1))
      (rotate (xyz 0 0 0))
    )
  )

  (module Module:Arduino_Nano (layer F.Cu) (tedit 612BF2E5) (tstamp 611946B9)
    (at 112 109 180)
    (descr "Arduino Nano, http://www.mouser.com/pdfdocs/Gravitech_Arduino_Nano3_0.pdf")
    (tags "Arduino Nano")
    (path /60E7480B)
    (fp_text reference A1 (at 7.62 -5.08) (layer F.SilkS)
      (effects (font (size 1 1) (thickness 0.15)))
    )
    (fp_text value Arduino_Nano_v3.x (at 8.89 19.05 90) (layer F.Fab)
      (effects (font (size 1 1) (thickness 0.15)))
    )
    (fp_line (start 16.75 42.16) (end -1.53 42.16) (layer F.CrtYd) (width 0.05))
    (fp_line (start 16.75 42.16) (end 16.75 -4.06) (layer F.CrtYd) (width 0.05))
    (fp_line (start -1.53 -4.06) (end -1.53 42.16) (layer F.CrtYd) (width 0.05))
    (fp_line (start -1.53 -4.06) (end 16.75 -4.06) (layer F.CrtYd) (width 0.05))
    (fp_line (start 16.51 -3.81) (end 16.51 39.37) (layer F.Fab) (width 0.1))
    (fp_line (start 0 -3.81) (end 16.51 -3.81) (layer F.Fab) (width 0.1))
    (fp_line (start -1.27 -2.54) (end 0 -3.81) (layer F.Fab) (width 0.1))
    (fp_line (start -1.27 39.37) (end -1.27 -2.54) (layer F.Fab) (width 0.1))
    (fp_line (start 16.51 39.37) (end -1.27 39.37) (layer F.Fab) (width 0.1))
    (fp_line (start 16.64 -3.94) (end -1.4 -3.94) (layer F.SilkS) (width 0.12))
    (fp_line (start 16.64 39.5) (end 16.64 -3.94) (layer F.SilkS) (width 0.12))
    (fp_line (start -1.4 39.5) (end 16.64 39.5) (layer F.SilkS) (width 0.12))
    (fp_line (start 3.81 41.91) (end 3.81 31.75) (layer F.Fab) (width 0.1))
    (fp_line (start 11.43 41.91) (end 3.81 41.91) (layer F.Fab) (width 0.1))
    (fp_line (start 11.43 31.75) (end 11.43 41.91) (layer F.Fab) (width 0.1))
    (fp_line (start 3.81 31.75) (end 11.43 31.75) (layer F.Fab) (width 0.1))
    (fp_line (start 1.27 36.83) (end -1.4 36.83) (layer F.SilkS) (width 0.12))
    (fp_line (start 1.27 1.27) (end 1.27 36.83) (layer F.SilkS) (width 0.12))
    (fp_line (start 1.27 1.27) (end -1.4 1.27) (layer F.SilkS) (width 0.12))
    (fp_line (start 13.97 36.83) (end 16.64 36.83) (layer F.SilkS) (width 0.12))
    (fp_line (start 13.97 -1.27) (end 13.97 36.83) (layer F.SilkS) (width 0.12))
    (fp_line (start 13.97 -1.27) (end 16.64 -1.27) (layer F.SilkS) (width 0.12))
    (fp_line (start -1.4 -3.94) (end -1.4 -1.27) (layer F.SilkS) (width 0.12))
    (fp_line (start -1.4 1.27) (end -1.4 39.5) (layer F.SilkS) (width 0.12))
    (fp_line (start 1.27 -1.27) (end -1.4 -1.27) (layer F.SilkS) (width 0.12))
    (fp_line (start 1.27 1.27) (end 1.27 -1.27) (layer F.SilkS) (width 0.12))
    (fp_text user %R (at 6.35 19.05 90) (layer F.Fab)
      (effects (font (size 1 1) (thickness 0.15)))
    )
    (pad 1 thru_hole rect (at 0 0 180) (size 2.4 1.8) (drill 0.8) (layers *.Cu *.Mask)
      (net 1 "Net-(A1-Pad1)"))
    (pad 17 thru_hole oval (at 15.24 33.02 180) (size 2.4 1.8) (drill 0.8) (layers *.Cu *.Mask)
      (net 2 "Net-(A1-Pad17)"))
    (pad 2 thru_hole oval (at 0 2.54 180) (size 2.4 1.8) (drill 0.8) (layers *.Cu *.Mask)
      (net 3 "Net-(A1-Pad2)"))
    (pad 18 thru_hole oval (at 15.24 30.48 180) (size 2.4 1.8) (drill 0.8) (layers *.Cu *.Mask)
      (net 4 "Net-(A1-Pad18)"))
    (pad 3 thru_hole oval (at 0 5.08 180) (size 2.4 1.8) (drill 0.8) (layers *.Cu *.Mask)
      (net 5 "Net-(A1-Pad3)"))
    (pad 19 thru_hole oval (at 15.24 27.94 180) (size 2.4 1.8) (drill 0.8) (layers *.Cu *.Mask)
      (net 36 RELÊ02_LED))
    (pad 4 thru_hole oval (at 0 7.62 180) (size 2.4 1.8) (drill 0.8) (layers *.Cu *.Mask)
      (net 6 GND))
    (pad 20 thru_hole oval (at 15.24 25.4 180) (size 2.4 1.8) (drill 0.8) (layers *.Cu *.Mask)
      (net 37 SEL_VOX02_LED))
    (pad 5 thru_hole oval (at 0 10.16 180) (size 2.4 1.8) (drill 0.8) (layers *.Cu *.Mask)
      (net 10 RELÊ02))
    (pad 21 thru_hole oval (at 15.24 22.86 180) (size 2.4 1.8) (drill 0.8) (layers *.Cu *.Mask)
      (net 38 RELÊ01_LED))
    (pad 6 thru_hole oval (at 0 12.7 180) (size 2.4 1.8) (drill 0.8) (layers *.Cu *.Mask)
      (net 8 RELÊ01))
    (pad 22 thru_hole oval (at 15.24 20.32 180) (size 2.4 1.8) (drill 0.8) (layers *.Cu *.Mask)
      (net 39 SEL_VOX01_LED))
    (pad 7 thru_hole oval (at 0 15.24 180) (size 2.4 1.8) (drill 0.8) (layers *.Cu *.Mask)
      (net 40 "Net-(A1-Pad7)"))
    (pad 23 thru_hole oval (at 15.24 17.78 180) (size 2.4 1.8) (drill 0.8) (layers *.Cu *.Mask)
      (net 11 "Net-(A1-Pad23)"))
    (pad 8 thru_hole oval (at 0 17.78 180) (size 2.4 1.8) (drill 0.8) (layers *.Cu *.Mask)
      (net 41 "Net-(A1-Pad8)"))
    (pad 24 thru_hole oval (at 15.24 15.24 180) (size 2.4 1.8) (drill 0.8) (layers *.Cu *.Mask)
      (net 12 "Net-(A1-Pad24)"))
    (pad 9 thru_hole oval (at 0 20.32 180) (size 2.4 1.8) (drill 0.8) (layers *.Cu *.Mask)
      (net 14 SWITCH))
    (pad 25 thru_hole oval (at 15.24 12.7 180) (size 2.4 1.8) (drill 0.8) (layers *.Cu *.Mask)
      (net 7 AUDIO01))
    (pad 10 thru_hole oval (at 0 22.86 180) (size 2.4 1.8) (drill 0.8) (layers *.Cu *.Mask)
      (net 13 ROT_A))
    (pad 26 thru_hole oval (at 15.24 10.16 180) (size 2.4 1.8) (drill 0.8) (layers *.Cu *.Mask)
      (net 9 AUDIO02))
    (pad 11 thru_hole oval (at 0 25.4 180) (size 2.4 1.8) (drill 0.8) (layers *.Cu *.Mask)
      (net 15 ROT_B))
    (pad 27 thru_hole oval (at 15.24 7.62 180) (size 2.4 1.8) (drill 0.8) (layers *.Cu *.Mask)
      (net 16 VCC))
    (pad 12 thru_hole oval (at 0 27.94 180) (size 2.4 1.8) (drill 0.8) (layers *.Cu *.Mask)
      (net 17 POWER))
    (pad 28 thru_hole oval (at 15.24 5.08 180) (size 2.4 1.8) (drill 0.8) (layers *.Cu *.Mask)
      (net 18 "Net-(A1-Pad28)"))
    (pad 13 thru_hole oval (at 0 30.48 180) (size 2.4 1.8) (drill 0.8) (layers *.Cu *.Mask)
      (net 19 "Net-(A1-Pad13)"))
    (pad 29 thru_hole oval (at 15.24 2.54 180) (size 2.4 1.8) (drill 0.8) (layers *.Cu *.Mask)
      (net 6 GND))
    (pad 14 thru_hole oval (at 0 33.02 180) (size 2.4 1.8) (drill 0.8) (layers *.Cu *.Mask)
      (net 20 "Net-(A1-Pad14)"))
    (pad 30 thru_hole oval (at 15.24 0 180) (size 2.4 1.8) (drill 0.8) (layers *.Cu *.Mask)
      (net 42 "Net-(A1-Pad30)"))
    (pad 15 thru_hole oval (at 0 35.56 180) (size 2.4 1.8) (drill 0.8) (layers *.Cu *.Mask)
      (net 21 "Net-(A1-Pad15)"))
    (pad 16 thru_hole oval (at 15.24 35.56 180) (size 2.4 1.8) (drill 0.8) (layers *.Cu *.Mask)
      (net 22 "Net-(A1-Pad16)"))
    (model "${KIPRJMOD}/Arduino NanoV3 + Female Headers.step"
      (offset (xyz -1.35 4.1 12.5))
      (scale (xyz 1 1 0.995))
      (rotate (xyz 90 0 90))
    )
  )

  (module MountingHole:MountingHole_3.2mm_M3 (layer F.Cu) (tedit 611BE271) (tstamp 611742AD)
    (at 127 94 270)
    (descr "Mounting Hole 3.2mm, no annular, M3")
    (tags "mounting hole 3.2mm no annular m3")
    (attr virtual)
    (fp_text reference REF** (at 0 -4.2 90) (layer F.SilkS)
      (effects (font (size 1 1) (thickness 0.15)))
    )
    (fp_text value MountingHole_3.2mm_M3 (at 0 4.2 90) (layer F.Fab)
      (effects (font (size 1 1) (thickness 0.15)))
    )
    (fp_circle (center 0 0) (end 3.2 0) (layer Cmts.User) (width 0.15))
    (fp_circle (center 0 0) (end 3.45 0) (layer F.CrtYd) (width 0.05))
    (fp_text user %R (at 0.3 0 90) (layer F.Fab)
      (effects (font (size 1 1) (thickness 0.15)))
    )
    (pad "" np_thru_hole circle (at 0 0 270) (size 3.4 3.4) (drill 3.2) (layers *.Cu *.Mask))
  )

  (module Capacitor_THT:C_Disc_D3.0mm_W1.6mm_P2.50mm (layer F.Cu) (tedit 612128B5) (tstamp 6117FA53)
    (at 126 106 90)
    (descr "C, Disc series, Radial, pin pitch=2.50mm, , diameter*width=3.0*1.6mm^2, Capacitor, http://www.vishay.com/docs/45233/krseries.pdf")
    (tags "C Disc series Radial pin pitch 2.50mm  diameter 3.0mm width 1.6mm Capacitor")
    (path /60CBB5C0)
    (fp_text reference C1 (at 1.25 -2.05 90) (layer F.SilkS)
      (effects (font (size 1 1) (thickness 0.15)))
    )
    (fp_text value 22nF (at 1.25 2.05 90) (layer F.Fab)
      (effects (font (size 1 1) (thickness 0.15)))
    )
    (fp_line (start -0.25 -0.8) (end -0.25 0.8) (layer F.Fab) (width 0.1))
    (fp_line (start -0.25 0.8) (end 2.75 0.8) (layer F.Fab) (width 0.1))
    (fp_line (start 2.75 0.8) (end 2.75 -0.8) (layer F.Fab) (width 0.1))
    (fp_line (start 2.75 -0.8) (end -0.25 -0.8) (layer F.Fab) (width 0.1))
    (fp_line (start 0.621 -0.92) (end 1.879 -0.92) (layer F.SilkS) (width 0.12))
    (fp_line (start 0.621 0.92) (end 1.879 0.92) (layer F.SilkS) (width 0.12))
    (fp_line (start -1.05 -1.05) (end -1.05 1.05) (layer F.CrtYd) (width 0.05))
    (fp_line (start -1.05 1.05) (end 3.55 1.05) (layer F.CrtYd) (width 0.05))
    (fp_line (start 3.55 1.05) (end 3.55 -1.05) (layer F.CrtYd) (width 0.05))
    (fp_line (start 3.55 -1.05) (end -1.05 -1.05) (layer F.CrtYd) (width 0.05))
    (fp_text user %R (at 1.25 0 90) (layer F.Fab)
      (effects (font (size 0.6 0.6) (thickness 0.09)))
    )
    (pad 2 thru_hole circle (at 2.5 0 90) (size 2 2) (drill 0.8) (layers *.Cu *.Mask)
      (net 7 AUDIO01))
    (pad 1 thru_hole circle (at 0 0 90) (size 2 2) (drill 0.8) (layers *.Cu *.Mask)
      (net 23 "Net-(C1-Pad1)"))
    (model ${KISYS3DMOD}/Capacitor_THT.3dshapes/C_Disc_D3.0mm_W1.6mm_P2.50mm.wrl
      (at (xyz 0 0 0))
      (scale (xyz 1 1 1))
      (rotate (xyz 0 0 0))
    )
  )

  (module DiagramaVOX:Transformer_Audio (layer F.Cu) (tedit 611BE222) (tstamp 61195193)
    (at 90 126 180)
    (path /60DB6EC9)
    (fp_text reference T2 (at 12 -5) (layer F.SilkS)
      (effects (font (size 1 1) (thickness 0.15)))
    )
    (fp_text value Transformer_1P_SS (at 16 5) (layer F.Fab)
      (effects (font (size 1 1) (thickness 0.15)))
    )
    (fp_line (start -8.6 -9.6) (end -8.6 9.6) (layer F.SilkS) (width 0.3))
    (fp_line (start 8.6 9.6) (end -8.6 9.6) (layer F.SilkS) (width 0.3))
    (fp_line (start 8.6 -9.6) (end 8.6 9.6) (layer F.SilkS) (width 0.3))
    (fp_line (start -8.6 -9.6) (end 8.6 -9.6) (layer F.SilkS) (width 0.3))
    (fp_line (start -12.8 -3.3) (end 0 -3.3) (layer F.SilkS) (width 0.3))
    (fp_line (start -12.8 3.3) (end -12.8 -3.3) (layer F.SilkS) (width 0.3))
    (fp_line (start 12.8 3.3) (end -12.8 3.3) (layer F.SilkS) (width 0.3))
    (fp_line (start 12.8 -3.3) (end 12.8 3.3) (layer F.SilkS) (width 0.3))
    (fp_line (start 0 -3.3) (end 12.8 -3.3) (layer F.SilkS) (width 0.3))
    (pad 4 thru_hole circle (at 0 -8.2 180) (size 2.6 2.6) (drill 1.2) (layers *.Cu *.Mask)
      (net 34 "Net-(J5-Pad2)"))
    (pad 5 thru_hole circle (at -4.9 -8.2 180) (size 2.6 2.6) (drill 1.2) (layers *.Cu *.Mask)
      (net 35 "Net-(J5-Pad3)"))
    (pad 3 thru_hole circle (at 4.9 -8.2 180) (size 2.6 2.6) (drill 1.2) (layers *.Cu *.Mask)
      (net 33 "Net-(J5-Pad1)"))
    (pad 1 thru_hole circle (at -4.9 8.2 180) (size 2.6 2.6) (drill 1.2) (layers *.Cu *.Mask)
      (net 24 "Net-(C2-Pad1)"))
    (pad 2 thru_hole circle (at 4.9 8.2 180) (size 2.6 2.6) (drill 1.2) (layers *.Cu *.Mask)
      (net 6 GND))
    (model ${KIPRJMOD}/trafo.step
      (at (xyz 0 0 0))
      (scale (xyz 1 1 1))
      (rotate (xyz 0 0 0))
    )
  )

  (module Connector_PinSocket_2.54mm:PinSocket_1x03_P2.54mm_Vertical (layer F.Cu) (tedit 612BF367) (tstamp 61223ADC)
    (at 110.7 163.3 270)
    (descr "Through hole straight socket strip, 1x03, 2.54mm pitch, single row (from Kicad 4.0.7), script generated")
    (tags "Through hole socket strip THT 1x03 2.54mm single row")
    (path /60CDDB2E)
    (fp_text reference J1 (at 0 -2.77 90) (layer F.SilkS)
      (effects (font (size 1 1) (thickness 0.15)))
    )
    (fp_text value "TO RELAY" (at 0 7.85 90) (layer F.Fab)
      (effects (font (size 1 1) (thickness 0.15)))
    )
    (fp_line (start -1.27 -1.27) (end 0.635 -1.27) (layer F.Fab) (width 0.1))
    (fp_line (start 0.635 -1.27) (end 1.27 -0.635) (layer F.Fab) (width 0.1))
    (fp_line (start 1.27 -0.635) (end 1.27 6.35) (layer F.Fab) (width 0.1))
    (fp_line (start 1.27 6.35) (end -1.27 6.35) (layer F.Fab) (width 0.1))
    (fp_line (start -1.27 6.35) (end -1.27 -1.27) (layer F.Fab) (width 0.1))
    (fp_line (start -1.33 1.27) (end 1.33 1.27) (layer F.SilkS) (width 0.12))
    (fp_line (start -1.33 1.27) (end -1.33 6.41) (layer F.SilkS) (width 0.12))
    (fp_line (start -1.33 6.41) (end 1.33 6.41) (layer F.SilkS) (width 0.12))
    (fp_line (start 1.33 1.27) (end 1.33 6.41) (layer F.SilkS) (width 0.12))
    (fp_line (start 1.33 -1.33) (end 1.33 0) (layer F.SilkS) (width 0.12))
    (fp_line (start 0 -1.33) (end 1.33 -1.33) (layer F.SilkS) (width 0.12))
    (fp_line (start -1.8 -1.8) (end 1.75 -1.8) (layer F.CrtYd) (width 0.05))
    (fp_line (start 1.75 -1.8) (end 1.75 6.85) (layer F.CrtYd) (width 0.05))
    (fp_line (start 1.75 6.85) (end -1.8 6.85) (layer F.CrtYd) (width 0.05))
    (fp_line (start -1.8 6.85) (end -1.8 -1.8) (layer F.CrtYd) (width 0.05))
    (fp_text user %R (at 0 2.54) (layer F.Fab)
      (effects (font (size 1 1) (thickness 0.15)))
    )
    (pad 3 thru_hole oval (at 0 5.08 270) (size 2.4 1.8) (drill 0.8) (layers *.Cu *.Mask)
      (net 8 RELÊ01))
    (pad 2 thru_hole oval (at 0 2.54 270) (size 2.4 1.8) (drill 0.8) (layers *.Cu *.Mask)
      (net 6 GND))
    (pad 1 thru_hole rect (at 0 0 270) (size 2.4 1.8) (drill 0.8) (layers *.Cu *.Mask)
      (net 16 VCC))
    (model ${KISYS3DMOD}/Connector_PinSocket_2.54mm.3dshapes/PinSocket_1x03_P2.54mm_Vertical.wrl
      (at (xyz 0 0 0))
      (scale (xyz 1 1 1))
      (rotate (xyz 0 0 0))
    )
  )

  (module Connector_PinSocket_2.54mm:PinSocket_1x05_P2.54mm_Vertical (layer F.Cu) (tedit 612BF30E) (tstamp 6117F852)
    (at 133 72 270)
    (descr "Through hole straight socket strip, 1x05, 2.54mm pitch, single row (from Kicad 4.0.7), script generated")
    (tags "Through hole socket strip THT 1x05 2.54mm single row")
    (path /6118CAD6)
    (fp_text reference J8 (at 0 -2.77 90) (layer F.SilkS)
      (effects (font (size 1 1) (thickness 0.15)))
    )
    (fp_text value Conn_01x05_Female (at 0 12.93 90) (layer F.Fab)
      (effects (font (size 1 1) (thickness 0.15)))
    )
    (fp_line (start -1.27 -1.27) (end 0.635 -1.27) (layer F.Fab) (width 0.1))
    (fp_line (start 0.635 -1.27) (end 1.27 -0.635) (layer F.Fab) (width 0.1))
    (fp_line (start 1.27 -0.635) (end 1.27 11.43) (layer F.Fab) (width 0.1))
    (fp_line (start 1.27 11.43) (end -1.27 11.43) (layer F.Fab) (width 0.1))
    (fp_line (start -1.27 11.43) (end -1.27 -1.27) (layer F.Fab) (width 0.1))
    (fp_line (start -1.33 1.27) (end 1.33 1.27) (layer F.SilkS) (width 0.12))
    (fp_line (start -1.33 1.27) (end -1.33 11.49) (layer F.SilkS) (width 0.12))
    (fp_line (start -1.33 11.49) (end 1.33 11.49) (layer F.SilkS) (width 0.12))
    (fp_line (start 1.33 1.27) (end 1.33 11.49) (layer F.SilkS) (width 0.12))
    (fp_line (start 1.33 -1.33) (end 1.33 0) (layer F.SilkS) (width 0.12))
    (fp_line (start 0 -1.33) (end 1.33 -1.33) (layer F.SilkS) (width 0.12))
    (fp_line (start -1.8 -1.8) (end 1.75 -1.8) (layer F.CrtYd) (width 0.05))
    (fp_line (start 1.75 -1.8) (end 1.75 11.9) (layer F.CrtYd) (width 0.05))
    (fp_line (start 1.75 11.9) (end -1.8 11.9) (layer F.CrtYd) (width 0.05))
    (fp_line (start -1.8 11.9) (end -1.8 -1.8) (layer F.CrtYd) (width 0.05))
    (fp_text user %R (at 0 5.08) (layer F.Fab)
      (effects (font (size 1 1) (thickness 0.15)))
    )
    (pad 1 thru_hole rect (at 0 0 270) (size 2.4 1.8) (drill 0.8) (layers *.Cu *.Mask)
      (net 6 GND))
    (pad 2 thru_hole oval (at 0 2.54 270) (size 2.4 1.8) (drill 0.8) (layers *.Cu *.Mask)
      (net 16 VCC))
    (pad 3 thru_hole oval (at 0 5.08 270) (size 2.4 1.8) (drill 0.8) (layers *.Cu *.Mask)
      (net 14 SWITCH))
    (pad 4 thru_hole oval (at 0 7.62 270) (size 2.4 1.8) (drill 0.8) (layers *.Cu *.Mask)
      (net 13 ROT_A))
    (pad 5 thru_hole oval (at 0 10.16 270) (size 2.4 1.8) (drill 0.8) (layers *.Cu *.Mask)
      (net 15 ROT_B))
    (model "${KIPRJMOD}/rotary encoder.step"
      (offset (xyz 0 -10.15 0))
      (scale (xyz 1 1 1))
      (rotate (xyz 0 0 180))
    )
  )

  (module MountingHole:MountingHole_3.2mm_M3 (layer F.Cu) (tedit 611BE27A) (tstamp 611742CA)
    (at 87 157 270)
    (descr "Mounting Hole 3.2mm, no annular, M3")
    (tags "mounting hole 3.2mm no annular m3")
    (attr virtual)
    (fp_text reference REF** (at 0 -4.2 90) (layer F.SilkS)
      (effects (font (size 1 1) (thickness 0.15)))
    )
    (fp_text value MountingHole_3.2mm_M3 (at 0 4.2 90) (layer F.Fab)
      (effects (font (size 1 1) (thickness 0.15)))
    )
    (fp_circle (center 0 0) (end 3.2 0) (layer Cmts.User) (width 0.15))
    (fp_circle (center 0 0) (end 3.45 0) (layer F.CrtYd) (width 0.05))
    (fp_text user %R (at 0.3 0 90) (layer F.Fab)
      (effects (font (size 1 1) (thickness 0.15)))
    )
    (pad "" np_thru_hole circle (at 0 0 270) (size 3.4 3.4) (drill 3.2) (layers *.Cu *.Mask))
  )

  (module MountingHole:MountingHole_3.2mm_M3 locked (layer F.Cu) (tedit 611BE281) (tstamp 6122382F)
    (at 127 157 270)
    (descr "Mounting Hole 3.2mm, no annular, M3")
    (tags "mounting hole 3.2mm no annular m3")
    (attr virtual)
    (fp_text reference REF** (at 0 -4.2 90) (layer F.SilkS)
      (effects (font (size 1 1) (thickness 0.15)))
    )
    (fp_text value MountingHole_3.2mm_M3 (at 0 4.2 90) (layer F.Fab)
      (effects (font (size 1 1) (thickness 0.15)))
    )
    (fp_circle (center 0 0) (end 3.2 0) (layer Cmts.User) (width 0.15))
    (fp_circle (center 0 0) (end 3.45 0) (layer F.CrtYd) (width 0.05))
    (fp_text user %R (at 0.3 0 90) (layer F.Fab)
      (effects (font (size 1 1) (thickness 0.15)))
    )
    (pad "" np_thru_hole circle (at 0 0 270) (size 3.4 3.4) (drill 3.2) (layers *.Cu *.Mask))
  )

  (module MountingHole:MountingHole_3.2mm_M3 (layer F.Cu) (tedit 611BE25F) (tstamp 61174273)
    (at 87 94 270)
    (descr "Mounting Hole 3.2mm, no annular, M3")
    (tags "mounting hole 3.2mm no annular m3")
    (attr virtual)
    (fp_text reference REF** (at 0 -4.2 90) (layer F.SilkS)
      (effects (font (size 1 1) (thickness 0.15)))
    )
    (fp_text value MountingHole_3.2mm_M3 (at 0 4.2 90) (layer F.Fab)
      (effects (font (size 1 1) (thickness 0.15)))
    )
    (fp_circle (center 0 0) (end 3.2 0) (layer Cmts.User) (width 0.15))
    (fp_circle (center 0 0) (end 3.45 0) (layer F.CrtYd) (width 0.05))
    (fp_text user %R (at 0.3 0 90) (layer F.Fab)
      (effects (font (size 1 1) (thickness 0.15)))
    )
    (pad "" np_thru_hole circle (at 0 0 270) (size 3.4 3.4) (drill 3.2) (layers *.Cu *.Mask))
  )

  (module Transformer_Audio (layer F.Cu) (tedit 6116CF41) (tstamp 611715FE)
    (at 0 0)
    (fp_text reference REF** (at 0 3.5) (layer F.SilkS)
      (effects (font (size 1 1) (thickness 0.15)))
    )
    (fp_text value Transformer_Audio (at 0 4) (layer F.Fab)
      (effects (font (size 1 1) (thickness 0.15)))
    )
  )

  (module Transformer_Audio (layer F.Cu) (tedit 6116CF41) (tstamp 611715F8)
    (at 0 0)
    (fp_text reference REF** (at 0 -3.5) (layer F.SilkS)
      (effects (font (size 1 1) (thickness 0.15)))
    )
    (fp_text value Transformer_Audio (at 0 4) (layer F.Fab)
      (effects (font (size 1 1) (thickness 0.15)))
    )
  )

  (module Capacitor_THT:C_Disc_D3.0mm_W1.6mm_P2.50mm (layer F.Cu) (tedit 61212904) (tstamp 61194BE9)
    (at 86.5 105.5 90)
    (descr "C, Disc series, Radial, pin pitch=2.50mm, , diameter*width=3.0*1.6mm^2, Capacitor, http://www.vishay.com/docs/45233/krseries.pdf")
    (tags "C Disc series Radial pin pitch 2.50mm  diameter 3.0mm width 1.6mm Capacitor")
    (path /60DB71C5)
    (fp_text reference C2 (at 1.25 -2.05 90) (layer F.SilkS)
      (effects (font (size 1 1) (thickness 0.15)))
    )
    (fp_text value 22nF (at 1.25 2.05 90) (layer F.Fab)
      (effects (font (size 1 1) (thickness 0.15)))
    )
    (fp_line (start 3.55 -1.05) (end -1.05 -1.05) (layer F.CrtYd) (width 0.05))
    (fp_line (start 3.55 1.05) (end 3.55 -1.05) (layer F.CrtYd) (width 0.05))
    (fp_line (start -1.05 1.05) (end 3.55 1.05) (layer F.CrtYd) (width 0.05))
    (fp_line (start -1.05 -1.05) (end -1.05 1.05) (layer F.CrtYd) (width 0.05))
    (fp_line (start 0.621 0.92) (end 1.879 0.92) (layer F.SilkS) (width 0.12))
    (fp_line (start 0.621 -0.92) (end 1.879 -0.92) (layer F.SilkS) (width 0.12))
    (fp_line (start 2.75 -0.8) (end -0.25 -0.8) (layer F.Fab) (width 0.1))
    (fp_line (start 2.75 0.8) (end 2.75 -0.8) (layer F.Fab) (width 0.1))
    (fp_line (start -0.25 0.8) (end 2.75 0.8) (layer F.Fab) (width 0.1))
    (fp_line (start -0.25 -0.8) (end -0.25 0.8) (layer F.Fab) (width 0.1))
    (fp_text user %R (at 1.25 0 270) (layer F.Fab)
      (effects (font (size 0.6 0.6) (thickness 0.09)))
    )
    (pad 1 thru_hole circle (at 0 0 90) (size 2 2) (drill 0.8) (layers *.Cu *.Mask)
      (net 24 "Net-(C2-Pad1)"))
    (pad 2 thru_hole circle (at 2.5 0 90) (size 2 2) (drill 0.8) (layers *.Cu *.Mask)
      (net 9 AUDIO02))
    (model ${KISYS3DMOD}/Capacitor_THT.3dshapes/C_Disc_D3.0mm_W1.6mm_P2.50mm.wrl
      (at (xyz 0 0 0))
      (scale (xyz 1 1 1))
      (rotate (xyz 0 0 0))
    )
  )

  (module LED_THT:LED_D3.0mm (layer F.Cu) (tedit 612BF320) (tstamp 6117267B)
    (at 106.5 72.5)
    (descr "LED, diameter 3.0mm, 2 pins")
    (tags "LED diameter 3.0mm 2 pins")
    (path /60E6563F)
    (fp_text reference D1 (at 1.27 -2.96) (layer F.SilkS)
      (effects (font (size 1 1) (thickness 0.15)))
    )
    (fp_text value VOX01 (at 1.27 2.96) (layer F.Fab)
      (effects (font (size 1 1) (thickness 0.15)))
    )
    (fp_line (start 3.7 -2.25) (end -1.15 -2.25) (layer F.CrtYd) (width 0.05))
    (fp_line (start 3.7 2.25) (end 3.7 -2.25) (layer F.CrtYd) (width 0.05))
    (fp_line (start -1.15 2.25) (end 3.7 2.25) (layer F.CrtYd) (width 0.05))
    (fp_line (start -1.15 -2.25) (end -1.15 2.25) (layer F.CrtYd) (width 0.05))
    (fp_line (start -0.29 1.08) (end -0.29 1.236) (layer F.SilkS) (width 0.12))
    (fp_line (start -0.29 -1.236) (end -0.29 -1.08) (layer F.SilkS) (width 0.12))
    (fp_line (start -0.23 -1.16619) (end -0.23 1.16619) (layer F.Fab) (width 0.1))
    (fp_circle (center 1.27 0) (end 2.77 0) (layer F.Fab) (width 0.1))
    (fp_arc (start 1.27 0) (end -0.23 -1.16619) (angle 284.3) (layer F.Fab) (width 0.1))
    (fp_arc (start 1.27 0) (end -0.29 -1.235516) (angle 108.8) (layer F.SilkS) (width 0.12))
    (fp_arc (start 1.27 0) (end -0.29 1.235516) (angle -108.8) (layer F.SilkS) (width 0.12))
    (fp_arc (start 1.27 0) (end 0.229039 -1.08) (angle 87.9) (layer F.SilkS) (width 0.12))
    (fp_arc (start 1.27 0) (end 0.229039 1.08) (angle -87.9) (layer F.SilkS) (width 0.12))
    (pad 1 thru_hole rect (at 0 0) (size 2 2) (drill 0.8) (layers *.Cu *.Mask)
      (net 6 GND))
    (pad 2 thru_hole circle (at 2.54 0) (size 2 2) (drill 0.8) (layers *.Cu *.Mask)
      (net 25 "Net-(D1-Pad2)"))
    (model ${KISYS3DMOD}/LED_THT.3dshapes/LED_D3.0mm_Horizontal_O3.81mm_Z2.0mm.wrl
      (offset (xyz 2.5 0 -1))
      (scale (xyz 1 1 1))
      (rotate (xyz 0 0 180))
    )
  )

  (module LED_THT:LED_D3.0mm (layer F.Cu) (tedit 612BF337) (tstamp 6117268E)
    (at 88.5 72.5)
    (descr "LED, diameter 3.0mm, 2 pins")
    (tags "LED diameter 3.0mm 2 pins")
    (path /60E163B7)
    (fp_text reference D2 (at 1.27 -2.96) (layer F.SilkS)
      (effects (font (size 1 1) (thickness 0.15)))
    )
    (fp_text value VOX02 (at 1.27 2.96) (layer F.Fab)
      (effects (font (size 1 1) (thickness 0.15)))
    )
    (fp_circle (center 1.27 0) (end 2.77 0) (layer F.Fab) (width 0.1))
    (fp_line (start -0.23 -1.16619) (end -0.23 1.16619) (layer F.Fab) (width 0.1))
    (fp_line (start -0.29 -1.236) (end -0.29 -1.08) (layer F.SilkS) (width 0.12))
    (fp_line (start -0.29 1.08) (end -0.29 1.236) (layer F.SilkS) (width 0.12))
    (fp_line (start -1.15 -2.25) (end -1.15 2.25) (layer F.CrtYd) (width 0.05))
    (fp_line (start -1.15 2.25) (end 3.7 2.25) (layer F.CrtYd) (width 0.05))
    (fp_line (start 3.7 2.25) (end 3.7 -2.25) (layer F.CrtYd) (width 0.05))
    (fp_line (start 3.7 -2.25) (end -1.15 -2.25) (layer F.CrtYd) (width 0.05))
    (fp_arc (start 1.27 0) (end 0.229039 1.08) (angle -87.9) (layer F.SilkS) (width 0.12))
    (fp_arc (start 1.27 0) (end 0.229039 -1.08) (angle 87.9) (layer F.SilkS) (width 0.12))
    (fp_arc (start 1.27 0) (end -0.29 1.235516) (angle -108.8) (layer F.SilkS) (width 0.12))
    (fp_arc (start 1.27 0) (end -0.29 -1.235516) (angle 108.8) (layer F.SilkS) (width 0.12))
    (fp_arc (start 1.27 0) (end -0.23 -1.16619) (angle 284.3) (layer F.Fab) (width 0.1))
    (pad 2 thru_hole circle (at 2.54 0) (size 2 2) (drill 0.8) (layers *.Cu *.Mask)
      (net 26 "Net-(D2-Pad2)"))
    (pad 1 thru_hole rect (at 0 0) (size 2 2) (drill 0.8) (layers *.Cu *.Mask)
      (net 6 GND))
    (model ${KISYS3DMOD}/LED_THT.3dshapes/LED_D3.0mm_Horizontal_O3.81mm_Z2.0mm.wrl
      (offset (xyz 2.5 0 -1))
      (scale (xyz 1 1 1))
      (rotate (xyz 0 0 180))
    )
  )

  (module LED_THT:LED_D3.0mm (layer F.Cu) (tedit 612BF32B) (tstamp 6119449B)
    (at 100.5 72.5)
    (descr "LED, diameter 3.0mm, 2 pins")
    (tags "LED diameter 3.0mm 2 pins")
    (path /60CBDFDC)
    (fp_text reference D3 (at 1.27 -2.96) (layer F.SilkS)
      (effects (font (size 1 1) (thickness 0.15)))
    )
    (fp_text value RELÊ01 (at 1.27 2.96) (layer F.Fab)
      (effects (font (size 1 1) (thickness 0.15)))
    )
    (fp_circle (center 1.27 0) (end 2.77 0) (layer F.Fab) (width 0.1))
    (fp_line (start -0.23 -1.16619) (end -0.23 1.16619) (layer F.Fab) (width 0.1))
    (fp_line (start -0.29 -1.236) (end -0.29 -1.08) (layer F.SilkS) (width 0.12))
    (fp_line (start -0.29 1.08) (end -0.29 1.236) (layer F.SilkS) (width 0.12))
    (fp_line (start -1.15 -2.25) (end -1.15 2.25) (layer F.CrtYd) (width 0.05))
    (fp_line (start -1.15 2.25) (end 3.7 2.25) (layer F.CrtYd) (width 0.05))
    (fp_line (start 3.7 2.25) (end 3.7 -2.25) (layer F.CrtYd) (width 0.05))
    (fp_line (start 3.7 -2.25) (end -1.15 -2.25) (layer F.CrtYd) (width 0.05))
    (fp_arc (start 1.27 0) (end 0.229039 1.08) (angle -87.9) (layer F.SilkS) (width 0.12))
    (fp_arc (start 1.27 0) (end 0.229039 -1.08) (angle 87.9) (layer F.SilkS) (width 0.12))
    (fp_arc (start 1.27 0) (end -0.29 1.235516) (angle -108.8) (layer F.SilkS) (width 0.12))
    (fp_arc (start 1.27 0) (end -0.29 -1.235516) (angle 108.8) (layer F.SilkS) (width 0.12))
    (fp_arc (start 1.27 0) (end -0.23 -1.16619) (angle 284.3) (layer F.Fab) (width 0.1))
    (pad 2 thru_hole circle (at 2.54 0) (size 2 2) (drill 0.8) (layers *.Cu *.Mask)
      (net 27 "Net-(D3-Pad2)"))
    (pad 1 thru_hole rect (at 0 0) (size 2 2) (drill 0.8) (layers *.Cu *.Mask)
      (net 6 GND))
    (model ${KISYS3DMOD}/LED_THT.3dshapes/LED_D3.0mm_Horizontal_O3.81mm_Z2.0mm.wrl
      (offset (xyz 2.5 0 -1))
      (scale (xyz 1 1 1))
      (rotate (xyz 0 0 180))
    )
  )

  (module LED_THT:LED_D3.0mm (layer F.Cu) (tedit 612BF342) (tstamp 611726B4)
    (at 82 72.5)
    (descr "LED, diameter 3.0mm, 2 pins")
    (tags "LED diameter 3.0mm 2 pins")
    (path /60DAC350)
    (fp_text reference D4 (at 1.27 -2.96) (layer F.SilkS)
      (effects (font (size 1 1) (thickness 0.15)))
    )
    (fp_text value RELÊ02 (at 1.27 2.96) (layer F.Fab)
      (effects (font (size 1 1) (thickness 0.15)))
    )
    (fp_line (start 3.7 -2.25) (end -1.15 -2.25) (layer F.CrtYd) (width 0.05))
    (fp_line (start 3.7 2.25) (end 3.7 -2.25) (layer F.CrtYd) (width 0.05))
    (fp_line (start -1.15 2.25) (end 3.7 2.25) (layer F.CrtYd) (width 0.05))
    (fp_line (start -1.15 -2.25) (end -1.15 2.25) (layer F.CrtYd) (width 0.05))
    (fp_line (start -0.29 1.08) (end -0.29 1.236) (layer F.SilkS) (width 0.12))
    (fp_line (start -0.29 -1.236) (end -0.29 -1.08) (layer F.SilkS) (width 0.12))
    (fp_line (start -0.23 -1.16619) (end -0.23 1.16619) (layer F.Fab) (width 0.1))
    (fp_circle (center 1.27 0) (end 2.77 0) (layer F.Fab) (width 0.1))
    (fp_arc (start 1.27 0) (end -0.23 -1.16619) (angle 284.3) (layer F.Fab) (width 0.1))
    (fp_arc (start 1.27 0) (end -0.29 -1.235516) (angle 108.8) (layer F.SilkS) (width 0.12))
    (fp_arc (start 1.27 0) (end -0.29 1.235516) (angle -108.8) (layer F.SilkS) (width 0.12))
    (fp_arc (start 1.27 0) (end 0.229039 -1.08) (angle 87.9) (layer F.SilkS) (width 0.12))
    (fp_arc (start 1.27 0) (end 0.229039 1.08) (angle -87.9) (layer F.SilkS) (width 0.12))
    (pad 1 thru_hole rect (at 0 0) (size 2 2) (drill 0.8) (layers *.Cu *.Mask)
      (net 6 GND))
    (pad 2 thru_hole circle (at 2.54 0) (size 2 2) (drill 0.8) (layers *.Cu *.Mask)
      (net 28 "Net-(D4-Pad2)"))
    (model ${KISYS3DMOD}/LED_THT.3dshapes/LED_D3.0mm_Horizontal_O3.81mm_Z2.0mm.wrl
      (offset (xyz 2.5 0 -1))
      (scale (xyz 1 1 1))
      (rotate (xyz 0 0 180))
    )
  )

  (module LED_THT:LED_D3.0mm (layer F.Cu) (tedit 612BF2F0) (tstamp 611726C7)
    (at 116 72.5)
    (descr "LED, diameter 3.0mm, 2 pins")
    (tags "LED diameter 3.0mm 2 pins")
    (path /60CBD7C1)
    (fp_text reference D5 (at 1.27 -2.96) (layer F.SilkS)
      (effects (font (size 1 1) (thickness 0.15)))
    )
    (fp_text value POWER (at 1.27 2.96) (layer F.Fab)
      (effects (font (size 1 1) (thickness 0.15)))
    )
    (fp_line (start 3.7 -2.25) (end -1.15 -2.25) (layer F.CrtYd) (width 0.05))
    (fp_line (start 3.7 2.25) (end 3.7 -2.25) (layer F.CrtYd) (width 0.05))
    (fp_line (start -1.15 2.25) (end 3.7 2.25) (layer F.CrtYd) (width 0.05))
    (fp_line (start -1.15 -2.25) (end -1.15 2.25) (layer F.CrtYd) (width 0.05))
    (fp_line (start -0.29 1.08) (end -0.29 1.236) (layer F.SilkS) (width 0.12))
    (fp_line (start -0.29 -1.236) (end -0.29 -1.08) (layer F.SilkS) (width 0.12))
    (fp_line (start -0.23 -1.16619) (end -0.23 1.16619) (layer F.Fab) (width 0.1))
    (fp_circle (center 1.27 0) (end 2.77 0) (layer F.Fab) (width 0.1))
    (fp_arc (start 1.27 0) (end -0.23 -1.16619) (angle 284.3) (layer F.Fab) (width 0.1))
    (fp_arc (start 1.27 0) (end -0.29 -1.235516) (angle 108.8) (layer F.SilkS) (width 0.12))
    (fp_arc (start 1.27 0) (end -0.29 1.235516) (angle -108.8) (layer F.SilkS) (width 0.12))
    (fp_arc (start 1.27 0) (end 0.229039 -1.08) (angle 87.9) (layer F.SilkS) (width 0.12))
    (fp_arc (start 1.27 0) (end 0.229039 1.08) (angle -87.9) (layer F.SilkS) (width 0.12))
    (pad 1 thru_hole rect (at 0 0) (size 2 2) (drill 0.8) (layers *.Cu *.Mask)
      (net 6 GND))
    (pad 2 thru_hole circle (at 2.54 0) (size 2 2) (drill 0.8) (layers *.Cu *.Mask)
      (net 29 "Net-(D5-Pad2)"))
    (model ${KISYS3DMOD}/LED_THT.3dshapes/LED_D3.0mm_Horizontal_O3.81mm_Z2.0mm.wrl
      (offset (xyz 2.5 0 -1))
      (scale (xyz 1 1 1))
      (rotate (xyz 0 0 180))
    )
  )

  (module Connector_PinSocket_2.54mm:PinSocket_1x03_P2.54mm_Vertical (layer F.Cu) (tedit 612BF377) (tstamp 61223B1E)
    (at 128.1 163.3 270)
    (descr "Through hole straight socket strip, 1x03, 2.54mm pitch, single row (from Kicad 4.0.7), script generated")
    (tags "Through hole socket strip THT 1x03 2.54mm single row")
    (path /60E4AAD5)
    (fp_text reference J2 (at 0 -2.77 90) (layer F.SilkS)
      (effects (font (size 1 1) (thickness 0.15)))
    )
    (fp_text value "TO RELAY" (at 0 7.85 90) (layer F.Fab)
      (effects (font (size 1 1) (thickness 0.15)))
    )
    (fp_line (start -1.8 6.85) (end -1.8 -1.8) (layer F.CrtYd) (width 0.05))
    (fp_line (start 1.75 6.85) (end -1.8 6.85) (layer F.CrtYd) (width 0.05))
    (fp_line (start 1.75 -1.8) (end 1.75 6.85) (layer F.CrtYd) (width 0.05))
    (fp_line (start -1.8 -1.8) (end 1.75 -1.8) (layer F.CrtYd) (width 0.05))
    (fp_line (start 0 -1.33) (end 1.33 -1.33) (layer F.SilkS) (width 0.12))
    (fp_line (start 1.33 -1.33) (end 1.33 0) (layer F.SilkS) (width 0.12))
    (fp_line (start 1.33 1.27) (end 1.33 6.41) (layer F.SilkS) (width 0.12))
    (fp_line (start -1.33 6.41) (end 1.33 6.41) (layer F.SilkS) (width 0.12))
    (fp_line (start -1.33 1.27) (end -1.33 6.41) (layer F.SilkS) (width 0.12))
    (fp_line (start -1.33 1.27) (end 1.33 1.27) (layer F.SilkS) (width 0.12))
    (fp_line (start -1.27 6.35) (end -1.27 -1.27) (layer F.Fab) (width 0.1))
    (fp_line (start 1.27 6.35) (end -1.27 6.35) (layer F.Fab) (width 0.1))
    (fp_line (start 1.27 -0.635) (end 1.27 6.35) (layer F.Fab) (width 0.1))
    (fp_line (start 0.635 -1.27) (end 1.27 -0.635) (layer F.Fab) (width 0.1))
    (fp_line (start -1.27 -1.27) (end 0.635 -1.27) (layer F.Fab) (width 0.1))
    (fp_text user %R (at 0 2.54) (layer F.Fab)
      (effects (font (size 1 1) (thickness 0.15)))
    )
    (pad 1 thru_hole rect (at 0 0 270) (size 2.4 1.8) (drill 0.8) (layers *.Cu *.Mask)
      (net 16 VCC))
    (pad 2 thru_hole oval (at 0 2.54 270) (size 2.4 1.8) (drill 0.8) (layers *.Cu *.Mask)
      (net 6 GND))
    (pad 3 thru_hole oval (at 0 5.08 270) (size 2.4 1.8) (drill 0.8) (layers *.Cu *.Mask)
      (net 10 RELÊ02))
    (model ${KISYS3DMOD}/Connector_PinSocket_2.54mm.3dshapes/PinSocket_1x03_P2.54mm_Vertical.wrl
      (at (xyz 0 0 0))
      (scale (xyz 1 1 1))
      (rotate (xyz 0 0 0))
    )
  )

  (module Connector_Molex:Molex_KK-254_AE-6410-02A_1x02_P2.54mm_Vertical (layer F.Cu) (tedit 612BF390) (tstamp 6117FE97)
    (at 105.5 136.5)
    (descr "Molex KK-254 Interconnect System, old/engineering part number: AE-6410-02A example for new part number: 22-27-2021, 2 Pins (http://www.molex.com/pdm_docs/sd/022272021_sd.pdf), generated with kicad-footprint-generator")
    (tags "connector Molex KK-254 vertical")
    (path /60E45E71)
    (fp_text reference J3 (at 1.27 -4.12) (layer F.SilkS)
      (effects (font (size 1 1) (thickness 0.15)))
    )
    (fp_text value "TO POWER CONNECTOR" (at 1.27 4.08) (layer F.Fab)
      (effects (font (size 1 1) (thickness 0.15)))
    )
    (fp_line (start 4.31 -3.42) (end -1.77 -3.42) (layer F.CrtYd) (width 0.05))
    (fp_line (start 4.31 3.38) (end 4.31 -3.42) (layer F.CrtYd) (width 0.05))
    (fp_line (start -1.77 3.38) (end 4.31 3.38) (layer F.CrtYd) (width 0.05))
    (fp_line (start -1.77 -3.42) (end -1.77 3.38) (layer F.CrtYd) (width 0.05))
    (fp_line (start 3.34 -2.43) (end 3.34 -3.03) (layer F.SilkS) (width 0.12))
